0,273
0,270
206,35
10,151
10,135
10,73
10,129
10,197
10,2
10,3
9,5
9,7
9,2
9,3
8,11
8,14
8,6
8,13
197,4
197,3
197,2
197,1
197,0
196,5
196,4
196,3
196,2
196,1
196,0
195,4
195,3
195,2
195,1
195,0
193,6
193,5
193,4
193,3
193,2
193,1
193,0
186,3
186,2
186,1
186,0
185,3
185,2
185,1
185,0
12,3
12,2
12,1
11,30
11,29
11,28
11,27
11,26
11,25
11,24
11,23
20,2
20,1
11,22
11,21
11,20
11,19
11,18
11,17
11,16
11,15
11,14
11,13
11,12
11,11
11,10
11,9
11,8
11,7
11,6
11,5
11,4
11,3
20,3
11,2
11,1
10,312
10,305
10,303
10,302
19,2
19,1
10,301
19,3
10,296
10,292
10,287
10,286
10,285
10,283
10,282
10,278
10,273
10,271
10,267
10,261
10,257
10,246
10,244
10,243
10,234
10,221
10,218
10,213
10,204
10,194
10,190
10,189
10,187
18,1
10,186
